0.007738883 0 0 0 0
0 0 0 0 0
0 0.03729704 0.02640765 0.02459577 0.02162557
0.02065669 0.01923137 0.01806016 0.01725853 0.01736492
0.01703478 0.01789849 -0.04530895 -0.04788503 -0.0492525
-0.04763772 -0.04736484 -0.04643929 -0.04607063 -0.0455226
-0.04573368 -0.04564065 -0.04699458 0.001440282 0
0 0 0 0 0
0 0 0 0 -0.01815101
0 0 0 0 0
0 0 0 0 0
-0.0002710057 0 0 0 0
0 0 0 0 0
0 -0.02588817 -0.007637325 -0.005545801 -0.004138658
-0.003189959 -0.003052201 0 0 0
0 0 0.06909339 0.06943513 0.06855945
0.06642301 0.06410075 0.06373204 0.06475641 0.06411545
0.06329385 0.06343502 0.06214993 -0.03864766 -0.03381613
-0.03123341 -0.02995617 -0.02931555 -0.02847923 -0.02741834
-0.02715201 -0.02682108 -0.02634484 -0.02634201 -0.002861232
0 0 0 0 0
0 0 0 0 0
0.02877211 0.008541247 0.005868844 0.004501382 0.003249403
0.002936213 0 0 0 0
0 -0.0005850535 0 0 0
0 0 0 0 0
0 0 -0.02691337 -0.02644075 -0.0270059
-0.02660004 -0.02654043 -0.02649977 -0.02648566 -0.02634086
-0.02616702 -0.02640072 -0.02661115 0.1097918 0.134622
0.1430316 0.1455106 0.1473763 0.1483718 0.1492763
0.1496173 0.1500335 0.1507783 0.1516439 -0.01492261
0 0 0 0 0
0 0 0 0 0
0.01159343 0.007749538 0.00733519 0.006836596 0.006672472
0.00646237 0.006313346 0.006180407 0.006059124 0.006071111
0.006232218 -0.09129358 -0.1368495 -0.1614768 -0.1710049
-0.1800319 -0.1839879 -0.1863982 -0.188523 -0.1915507
-0.1938024 -0.1993562 -0.03705365 -0.02681274 -0.02124146
-0.0159204 -0.01124023 -0.00992214 0 0
0 0 0 -0.0179478 -0.005345701
0 0 0 0 0
0 0 0 0 0.07030558
0.06859839 0.07040047 0.06848771 0.06814499 0.06761657
0.06733683 0.06670091 0.06541616 0.0661672 0.06753805
0.0324652 0.0262665 0.02580716 0.02437434 0.02368104
0.02331102 0.02331422 0.02290777 0.02263887 0.02298587
0.02342614 -0.01158722 -0.005841006 -0.004692734 -0.003892566
-0.003565569 -0.003319479 -0.003116813 -0.003045501 -0.003053138
-0.003086364 -0.003257064 0.06822731 0.07773208 0.08013665
0.0791904 0.07893155 0.07824203 0.07763058 0.07720413
0.07617549 0.07609609 0.07641732 -0.03795649 -0.04341567
-0.04485686 -0.0433984 -0.0431086 -0.04196819 -0.04067864
-0.04000638 -0.03887578 -0.03867106 -0.03944326 -0.007779341
0 0 0 0 0
0 0 0 0 0
0.03404391 0.008466097 0 0 0
0 0 0 0 0
0 0.04878692 0.05599629 0.05744468 0.057935
0.05820814 0.05801805 0.05776608 0.05788075 0.05755955
0.0571724 0.05676191 0.02118587 0.005781446 0.002736149
0.002041774 0.001628389 0.001326764 0.001143257 0.001004893
0.0008612039 0.000721407 0.0005691315 0.02310456 0.01272906
0.01086715 0.009303986 0.008668823 0.007818569 0.007139753
0.006815346 0.006256808 0.006028922 0.006244149 0.02725702
0.02312954 0.02165104 0.02140873 0.02108042 0.02128854
0.0215309 0.02149802 0.02127792 0.02127566 0.02074749
0.0367868 0.03413547 0.03322869 0.03251446 0.03220927
0.03193415 0.03170467 0.03149149 0.03105751 0.03113181
0.0311515 -0.01934143 -0.01986266 -0.01971107 -0.01914888
-0.01895931 -0.01876186 -0.01856736 -0.01836922 -0.01819571
-0.0182635 -0.01840934 -0.002967471 0 0
0 0 0 0 0
0 0 0 -0.03825263 -0.04557171
-0.04836469 -0.04871759 -0.04932201 -0.0492701 -0.04906537
-0.04904252 -0.04900392 -0.04915963 -0.04975577 -0.0159182
-0.003921672 -0.002856679 0 0 -0.001574305
0 0 0 0 0
0.05375945 0.0787458 0.0943423 0.09919543 0.1042574
0.1066432 0.1081582 0.1090892 0.1113078 0.1130719
0.1170353
