0.007415277 0 0 0 0
0 0 0 0 0
0 0.03695327 0.02812056 0.02461988 0.02084983
0.02000571 0.02148557 0.01602991 0.01829881 0.01853458
0.01699559 0.01717649 -0.0445348 -0.04969488 -0.04937324
-0.04686071 -0.04717085 -0.04899998 -0.04352336 -0.04630374
-0.0470017 -0.04565219 -0.04579269 0.001355959 0
0 0 0 0 0
0 0 0 0 -0.01764388
-0.002483497 -0.001111526 -0.0004614953 -0.0003469039 -0.000457131
-0.0002538557 -0.0002579858 -0.0002285534 -2.888771e-05 -0.0004332067
-0.0003161572 0 0 0 0
0 0 0 0 0
0 -0.02531184 -0.008397218 -0.005352265 -0.003875369
-0.003232849 -0.003536332 -0.002255418 -0.003247675 -0.002962967
-0.002435024 -0.00266294 0.06811878 0.07082706 0.06840599
0.0660622 0.06417033 0.06429907 0.06274671 0.06396746
0.06340872 0.06264887 0.06339839 -0.03854886 -0.03354059
-0.03135234 -0.03026475 -0.0292285 -0.02790697 -0.02855273
-0.02711455 -0.02659683 -0.02669675 -0.02612452 -0.003301054
0 0 0 0 0
0 0 0 0 0
0.02793521 0.009256413 0.005746883 0.004036643 0.003285435
0.003776627 0.002347839 0.003333994 0.002879305 0.002152789
0.002712623 -0.0004563541 0 0 0
0 0 0 0 0
0 0 -0.02669939 -0.02704595 -0.02690676
-0.02643716 -0.02651881 -0.02699706 -0.02583047 -0.02668261
-0.02673137 -0.02635205 -0.02629458 0.1085413 0.136057
0.1430538 0.1451049 0.1475765 0.1494279 0.148027
0.1500212 0.1508984 0.1507468 0.1508497 -0.01458891
-0.0001430474 0 0 0 0
0 0 0 0 0
0.01151697 0.007996734 0.007327994 0.006747412 0.00666124
0.006774575 0.006003502 0.006325375 0.006314829 0.00608576
0.006010681 -0.08931788 -0.1403071 -0.1612424 -0.1697164
-0.180046 -0.1884364 -0.1824441 -0.1904433 -0.195036
-0.1947059 -0.1949532 -0.03618242 -0.02870469 -0.02114571
-0.01516588 -0.01118266 -0.01193174 -0.00714619 -0.00984517
-0.008524831 -0.006487605 -0.007199229 -0.01753639 -0.006195255
-0.002496378 -0.00176699 -0.001288127 -0.001175646 -0.000643811
-0.001251607 -0.001183107 -0.0009512576 -0.001119428 0.0692733
0.0708382 0.07025738 0.0676166 0.06805567 0.07043949
0.06424212 0.06810508 0.06768897 0.06604267 0.06583721
0.03205066 0.02718679 0.02572244 0.02396382 0.02365369
0.0246995 0.02161203 0.02353955 0.02368454 0.02277682
0.02284127 -0.01154255 -0.006024326 -0.004685696 -0.003773064
-0.003441147 -0.003677195 -0.002846629 -0.003205548 -0.003305086
-0.003087599 -0.003074705 0.06741054 0.07883714 0.08021245
0.07889804 0.0789607 0.079141 0.07683788 0.0775486
0.07683784 0.07613042 0.07579404 -0.03734028 -0.04439997
-0.04493569 -0.0430394 -0.04310887 -0.04333137 -0.03972893
-0.04066713 -0.03990736 -0.03888052 -0.0382784 -0.007329876
-5.678279e-06 -4.084806e-06 0 0 0
0 0 0 0 -6.880886e-05
0.03438409 0.007310303 0.001875319 0.001151612 0.0002689906
8.935006e-05 8.028346e-05 0 1.970102e-05 0
0 0.04846597 0.05579932 0.0576131 0.05810735
0.058357 0.05712197 0.05900393 0.05730379 0.05683034
0.05731616 0.05703841 0.02137963 0.005319694 0.002712961
0.002141561 0.001653616 0.001111802 0.001263489 0.0009139968
0.0007715306 0.0007088509 0.0006186139 0.0228084 0.01316713
0.01089993 0.009054276 0.008606209 0.008484507 0.006755211
0.006930056 0.006571294 0.006079676 0.005914541 0.02735642
0.02320475 0.02149138 0.02155892 0.02120471 0.02064102
0.02175599 0.02126676 0.02096062 0.02121733 0.02120823
0.03667417 0.03434604 0.03315473 0.03245291 0.03222657
0.03216467 0.03146362 0.03168982 0.03139478 0.03110865
0.03093989 -0.0192965 -0.02022048 -0.01967666 -0.0190481
-0.01889482 -0.01913469 -0.01815521 -0.01866537 -0.01855521
-0.01826512 -0.01818383 -0.002396423 -0.00136294 -0.001380213
-0.0009884494 -0.001042266 -0.0009292446 -0.0007057884 -0.001112756
-0.0007951913 -0.0007671657 -0.001143767 -0.03779386 -0.04619077
-0.04843476 -0.04850573 -0.04928042 -0.04999475 -0.04859605
-0.04940978 -0.04956616 -0.04925848 -0.04912687 -0.01571165
-0.004602212 -0.002728712 -0.001932302 -0.001616256 -0.001860394
-0.00124529 -0.00206989 -0.001775864 -0.001496921 -0.00186327
0.05265273 0.0820165 0.09404825 0.09809186 0.1039791
0.110706 0.1038947 0.1111674 0.1145791 0.1134888
0.1138827
