0.007018295 0 0 0 0
0 0 0 0 0
0 0.03654434 0.02774949 0.02333486 0.02261889
0.01976551 0.01896028 0.01754544 0.01845291 0.01774949
0.01668474 0.01745446 -0.04360591 -0.04891472 -0.04815918
-0.04900795 -0.04609518 -0.04617875 -0.04570367 -0.04695138
-0.04638017 -0.04571182 -0.04672449 0.001249223 0
0 0 0 0 0
0 0 0 0 -0.01702391
0 0 0 0 0
0 0 0 0 0
-0.0003780234 0 0 0 0
0 0 0 0 0
0 -0.02463164 -0.007970551 -0.005034622 -0.004344831
-0.0036075 -0.002752292 -0.002462338 0 0
0 0 0.06694146 0.06973269 0.06821334
0.06680649 0.06539363 0.06319521 0.06249963 0.06336769
0.06287363 0.06210667 0.06279844 -0.03844994 -0.0340786
-0.03145625 -0.02973178 -0.02880635 -0.02877114 -0.0283754
-0.02728585 -0.02683546 -0.02690742 -0.02611262 -0.003846053
0 0 0 0 0
0 0 0 0 0
0.02691724 0.00843821 0.005573299 0.004769902 0.00396683
0.002692379 0.002322307 0 0 0
0 -0.0002778943 0 0 0
0 0 0 0 0
0 0 -0.02645367 -0.02692098 -0.02654266
-0.0269234 -0.02624875 -0.02634438 -0.02634739 -0.02672502
-0.0265615 -0.02635918 -0.02666496 0.1070732 0.1355251
0.1422494 0.1463099 0.146458 0.1481844 0.1492238
0.1503569 0.1507525 0.1509712 0.1517567 -0.01419435
0 0 0 0 0
0 0 0 0 0
0.01142898 0.007941907 0.007144801 0.007030491 0.006434372
0.006420477 0.006325803 0.006416868 0.006237255 0.006121154
0.006213756 -0.08690555 -0.138988 -0.1587043 -0.1735926
-0.1759003 -0.1835698 -0.1878773 -0.1926816 -0.1943022
-0.195669 -0.198742 -0.03513346 -0.02772356 -0.02030235
-0.01724211 -0.01244855 -0.009129111 -0.007526432 0
0 0 0 -0.01708061 -0.005492688
0 0 0 0 0
0 0 0 0 0.06804349
0.0701407 0.06863997 0.07013811 0.06651246 0.06709614
0.06695353 0.06867801 0.06705247 0.06619238 0.06756476
0.0315642 0.02677368 0.02506421 0.02510899 0.02324152
0.02300561 0.02278404 0.02366194 0.02329926 0.02275984
0.02351177 -0.01150033 -0.006055232 -0.00446775 -0.00408279
-0.003379917 -0.003267438 -0.003071863 -0.003279387 -0.003203666
-0.003057412 -0.003176383 0.06643846 0.07862165 0.07960493
0.0799549 0.07808822 0.07811557 0.07774393 0.07773368
0.07669715 0.07622589 0.07635913 -0.03660935 -0.04426192
-0.04418268 -0.04433897 -0.04168889 -0.04190651 -0.0412336
-0.04113244 -0.03971709 -0.03911498 -0.03922364 -0.006780163
0 0 0 0 0
0 0 0 0 0
0.03481477 0.007481406 0 0 0
0 0 0 0 0
0 0.04807706 0.05605966 0.0578443 0.05768254
0.05817847 0.05823011 0.05826436 0.05719107 0.05717689
0.05740747 0.05668089 0.02162238 0.00549541 0.00294304
0.001882523 0.001751123 0.001356499 0.001143667 0.0009766935
0.0008240355 0.0007112317 0.0005932624 0.02245259 0.01299922
0.01058018 0.009679081 0.008188006 0.007835483 0.00725602
0.007194707 0.00644717 0.006138723 0.006110526 0.02748721
0.02313516 0.02169769 0.02112931 0.02158962 0.02123105
0.0212907 0.02110362 0.02102761 0.02112077 0.02096806
0.03656165 0.03437949 0.03298014 0.03266242 0.03199095
0.03188399 0.03174667 0.0317164 0.03134798 0.03116828
0.03119979 -0.01925087 -0.02024456 -0.01939267 -0.01935943
-0.01869597 -0.0186816 -0.01853558 -0.01868174 -0.0184286
-0.01824249 -0.01839278 -0.0016948 0 0
0 0 0 0 0
0 0 0 -0.03726389 -0.04614305
-0.04793244 -0.04916849 -0.04853202 -0.04925515 -0.04936204
-0.04963559 -0.04947212 -0.04941151 -0.04963123 -0.01546124
-0.003890491 -0.002624395 -0.002101502 0 -0.00131479
-0.001296534 0 0 0 0
0.05129867 0.08082302 0.0918427 0.1014568 0.1014135
0.1060211 0.1083631 0.112657 0.113565 0.1138956
0.1167011
